positive/frame_0015.jpg 2 593 447 116 182 662 552 358 165
positive/frame_0049.jpg 3 152 185 236 242 467 183 213 178 613 417 362 273
positive/frame_0060.jpg 3 379 266 154 126 534 269 136 109 542 483 369 227
positive/frame_0073.jpg 3 387 282 151 129 538 283 138 108 502 529 399 186
positive/frame_0082.jpg 3 380 98 241 190 745 56 168 239 521 460 437 258
positive/frame_0087.jpg 3 754 92 193 231 359 104 274 187 574 413 425 306
positive/frame_0092.jpg 3 202 188 267 260 726 126 234 224 585 488 419 229
positive/frame_0097.jpg 1 527 465 156 225
positive/frame_0108.jpg 2 38 151 328 233 705 188 264 327
positive/frame_0129.jpg 3 432 248 167 123 607 255 143 118 651 412 284 267
positive/frame_0134.jpg 3 458 241 142 116 604 238 143 121 610 457 296 256
positive/frame_0141.jpg 3 433 239 154 116 588 241 141 119 585 471 278 213
positive/frame_0145.jpg 3 389 242 171 126 568 245 142 131 605 454 220 198
positive/frame_0151.jpg 2 93 7 346 255 629 43 221 168
positive/frame_0174.jpg 2 395 265 144 116 545 260 137 116
positive/frame_0183.jpg 2 372 261 160 105 537 263 145 99
positive/frame_0184.jpg 2 124 95 266 218 552 111 213 270
positive/frame_0199.jpg 4 322 244 187 115 520 218 163 103 524 517 292 200 209 554 291 164
positive/frame_0209.jpg 4 326 225 156 104 505 217 166 184 510 500 333 218 184 523 311 193
positive/frame_0211.jpg 4 500 233 159 210 311 212 165 113 504 519 327 196 210 579 282 140
positive/frame_0220.jpg 3 215 188 294 387 655 85 239 229 537 428 365 287
positive/frame_0231.jpg 3 273 375 273 264 678 378 107 176 833 556 297 161
positive/frame_0243.jpg 4 378 61 230 204 932 276 322 365 8 592 405 125 523 614 273 105
positive/frame_0245.jpg 3 363 303 140 129 522 301 142 111 601 489 239 222
positive/frame_0247.jpg 3 359 295 141 120 515 306 135 103 583 477 257 236
positive/frame_0260.jpg 4 289 67 230 195 884 268 282 294 593 601 342 115 12 632 359 86
positive/frame_0266.jpg 3 388 272 142 133 536 285 131 110 578 506 280 199
positive/frame_0280.jpg 2 451 462 418 252 0 435 369 279
positive/frame_0283.jpg 3 269 401 244 234 695 381 93 194 820 571 286 148
positive/frame_0292.jpg 4 298 397 222 240 698 392 101 174 833 575 296 141 63 641 316 77
positive/frame_0323.jpg 2 484 219 224 188 7 277 300 271
positive/frame_0325.jpg 3 388 310 158 107 596 327 170 157 656 552 250 163
positive/frame_0363.jpg 2 79 56 245 172 327 197 283 314
positive/frame_0380.jpg 3 409 231 130 128 542 239 153 126 673 483 292 205
positive/frame_0390.jpg 3 369 178 143 125 514 183 144 134 685 348 265 240
positive/frame_0400.jpg 3 33 45 272 328 555 449 148 196 549 463 469 237
positive/frame_0429.jpg 2 170 503 249 201 600 418 410 282
positive/frame_0457.jpg 2 1 94 255 238 586 571 295 141
positive/frame_0469.jpg 3 161 84 316 185 0 87 116 196 786 449 351 269
positive/frame_0499.jpg 4 4 3 165 173 317 2 281 166 526 544 307 175 33 623 407 95
positive/frame_0505.jpg 3 355 328 145 125 520 330 130 96 615 415 508 304
positive/frame_0521.jpg 2 120 177 246 194 404 174 203 181
positive/frame_0529.jpg 2 316 453 165 197 467 461 364 249
positive/frame_0536.jpg 3 368 319 212 144 2 411 148 185 501 498 331 213
positive/frame_0540.jpg 4 0 130 148 184 277 253 297 207 525 325 262 179 28 505 482 210
positive/frame_0542.jpg 4 1 116 162 178 291 252 284 209 531 323 252 174 20 494 437 223
positive/frame_0549.jpg 3 393 260 150 123 553 253 146 110 548 446 393 269
positive/frame_0552.jpg 3 383 269 161 118 558 259 137 104 554 403 384 313
positive/frame_0553.jpg 3 77 81 202 167 305 128 217 186 578 246 360 334
positive/frame_0554.jpg 3 74 62 200 185 295 112 237 176 585 262 396 351
positive/frame_0589.jpg 3 129 3 334 160 505 550 487 166 7 527 495 186
positive/frame_0603.jpg 3 3 416 202 296 380 276 239 207 515 341 343 362
positive/frame_0611.jpg 2 298 346 159 127 479 351 179 134
positive/frame_0629.jpg 3 217 476 253 241 562 379 221 166 724 434 381 274
positive/frame_0630.jpg 4 77 81 264 223 438 156 230 197 590 277 256 195 2 511 231 207
positive/frame_0631.jpg 4 76 76 257 224 430 147 227 200 588 271 245 200 0 518 222 198
positive/frame_0639.jpg 3 247 502 260 216 605 390 204 175 754 451 370 267
positive/frame_0659.jpg 4 350 133 143 134 452 125 231 141 531 471 471 243 126 532 398 187
positive/frame_0661.jpg 3 438 10 211 172 548 545 381 173 4 523 450 191
positive/frame_0672.jpg 4 371 199 130 106 505 192 191 104 243 542 290 176 549 528 407 189
positive/frame_0682.jpg 4 336 189 169 141 504 188 169 128 525 471 360 247 237 583 286 132
positive/frame_0695.jpg 3 405 0 263 155 487 392 477 324 0 434 397 280
positive/frame_0701.jpg 4 5 557 367 160 326 418 227 251 702 326 153 162 866 400 379 315
positive/frame_0702.jpg 3 376 251 154 120 547 253 150 110 550 556 303 155
positive/frame_0703.jpg 4 334 397 243 267 5 549 372 168 673 335 194 146 835 389 409 323
positive/frame_0724.jpg 4 109 256 276 189 474 213 182 209 70 525 421 190 512 448 389 246
positive/frame_0726.jpg 3 325 139 192 157 572 147 143 111 289 497 486 216
positive/frame_0746.jpg 4 336 420 266 250 750 349 165 168 891 466 385 253 74 587 379 131
positive/frame_0747.jpg 1 754 69 214 206
positive/frame_0751.jpg 1 766 95 211 225
positive/frame_0761.jpg 4 361 129 287 193 657 100 206 232 806 337 401 301 9 325 311 261
positive/frame_0763.jpg 4 356 194 185 129 542 193 147 133 495 430 319 280 236 508 268 206
positive/frame_0773.jpg 2 1078 372 201 341 8 523 554 191
positive/frame_0779.jpg 4 39 87 307 172 356 50 239 205 479 311 410 287 6 299 354 343
positive/frame_0781.jpg 4 5 25 295 193 306 23 245 203 413 261 464 309 0 267 392 373
positive/frame_0784.jpg 3 194 4 222 225 679 391 164 197 816 534 353 183
positive/frame_0788.jpg 4 1 3 143 118 208 7 269 181 506 293 430 375 3 263 159 213
positive/frame_0797.jpg 3 174 85 266 360 472 386 465 332 0 415 469 300
positive/frame_0805.jpg 3 829 82 240 211 49 587 461 131 1190 115 87 164
positive/frame_0820.jpg 4 768 487 341 230 666 388 160 175 339 2 340 105 29 630 346 87
positive/frame_0835.jpg 2 8 435 578 281 591 569 356 148
positive/frame_0843.jpg 4 6 502 334 214 609 355 179 146 641 418 374 301 156 2 204 99
positive/frame_0849.jpg 3 516 328 145 124 660 350 146 139 745 516 268 199
positive/frame_0853.jpg 3 483 344 172 128 719 233 126 172 681 589 179 129
positive/frame_0861.jpg 4 1 37 207 257 582 13 256 222 4 596 345 122 589 607 366 109
positive/frame_0870.jpg 4 276 164 318 395 620 4 241 194 614 605 362 114 10 580 236 132
positive/frame_0878.jpg 3 724 1 151 87 486 447 429 270 5 518 434 199
positive/frame_0882.jpg 3 560 137 243 339 4 118 197 258 577 616 350 102
positive/frame_0888.jpg 4 24 340 460 373 615 326 380 370 646 283 210 138 275 335 219 134
positive/frame_0890.jpg 2 354 211 250 336 617 489 399 228
positive/frame_0894.jpg 2 453 283 461 358 4 485 334 223
positive/frame_0905.jpg 3 722 181 253 146 601 318 223 107 463 477 319 231
positive/frame_0924.jpg 3 575 250 187 190 410 304 207 122 293 403 266 229
positive/frame_0942.jpg 2 415 242 406 422 4 460 358 251
positive/frame_0943.jpg 4 491 78 190 182 876 111 148 198 217 379 322 291 563 445 282 271
positive/frame_0945.jpg 2 428 233 417 414 1 435 371 278
positive/frame_0956.jpg 3 648 124 168 155 474 315 220 107 349 404 175 208
positive/frame_0957.jpg 4 196 360 306 333 685 370 306 315 661 264 236 148 349 218 156 170
positive/frame_0958.jpg 4 592 238 125 121 444 237 134 116 597 455 218 240 242 473 265 241
positive/frame_0968.jpg 4 455 117 220 221 183 146 234 217 0 384 275 317 705 432 492 278
positive/frame_0988.jpg 2 452 189 498 335 3 360 289 294
positive/frame_0994.jpg 4 386 171 149 133 543 163 150 140 543 434 306 279 193 452 298 267
positive/frame_1000.jpg 4 371 174 160 116 546 183 130 120 577 481 276 235 205 468 308 245
positive/frame_1002.jpg 4 396 166 130 125 553 174 139 117 563 441 296 273 200 490 329 223
positive/frame_1009.jpg 2 354 181 202 171 889 303 284 317
positive/frame_1012.jpg 2 278 62 210 200 512 52 209 189
positive/frame_1013.jpg 2 505 286 193 116 400 343 182 107
positive/frame_1015.jpg 2 278 190 182 159 823 294 287 298
positive/frame_1021.jpg 4 376 216 151 125 572 192 167 112 243 562 266 155 602 551 292 163
positive/frame_1024.jpg 2 354 267 461 304 3 441 354 262
positive/frame_1026.jpg 2 350 267 444 325 0 457 353 241
positive/frame_1027.jpg 2 402 162 156 174 569 148 164 167
positive/frame_1029.jpg 3 462 84 234 153 230 47 223 206 762 488 450 231
positive/frame_1036.jpg 3 534 6 152 170 442 212 182 136 695 631 269 86
positive/frame_1037.jpg 2 396 248 450 333 4 429 433 269
positive/frame_1041.jpg 2 406 259 452 347 1 415 413 297
positive/frame_1050.jpg 2 277 604 197 112 663 592 191 121
positive/frame_1062.jpg 4 707 3 197 118 1 3 159 95 93 610 398 107 700 644 277 71
positive/frame_1066.jpg 3 379 127 199 182 856 174 202 197 587 489 435 230
positive/frame_1067.jpg 1 609 205 505 316
positive/frame_1068.jpg 3 345 1 199 125 570 1 134 121 779 561 256 155
positive/frame_1074.jpg 2 377 313 154 126 537 314 137 128
positive/frame_1077.jpg 3 592 289 328 294 822 232 300 297 9 501 418 217
positive/frame_1078.jpg 4 170 39 304 206 525 32 216 198 486 280 329 300 0 457 325 252
positive/frame_1079.jpg 4 175 40 316 210 516 41 222 182 497 264 321 277 3 461 340 246
positive/frame_1080.jpg 3 370 74 202 142 571 4 133 139 772 594 270 124
positive/frame_1085.jpg 2 593 223 455 259 301 542 197 175
positive/frame_1086.jpg 2 599 191 476 303 320 543 163 171
positive/frame_1088.jpg 4 61 443 415 264 485 459 337 253 664 381 265 277 1023 378 253 319
positive/frame_1091.jpg 3 346 128 218 161 537 3 133 179 767 618 248 96
positive/frame_1095.jpg 3 431 133 221 214 1004 150 274 265 262 461 375 250
positive/frame_1099.jpg 4 508 156 260 171 1024 329 242 233 48 412 401 262 616 470 390 244
positive/frame_1114.jpg 4 180 234 228 225 136 493 405 202 774 341 237 238 678 600 368 117
positive/frame_1115.jpg 2 391 389 158 135 549 376 157 140
positive/frame_1122.jpg 3 399 253 201 213 0 300 194 219 581 532 358 181
positive/frame_1135.jpg 4 303 157 166 132 470 132 176 144 178 503 319 210 593 412 472 294
positive/frame_1138.jpg 2 467 259 196 162 671 264 232 145
positive/frame_1144.jpg 3 321 64 277 200 655 60 207 190 724 610 364 108
positive/frame_1145.jpg 3 520 195 199 138 555 1 135 135 778 606 273 111
positive/frame_1146.jpg 3 525 196 195 143 561 3 124 136 784 596 264 120
positive/frame_1148.jpg 3 531 212 201 121 555 0 127 108 783 585 258 134
positive/frame_1153.jpg 3 362 165 273 177 651 97 240 203 602 493 457 225
positive/frame_1159.jpg 4 413 168 194 180 705 171 157 187 625 549 330 168 179 638 297 81
positive/frame_1161.jpg 3 531 7 116 174 608 295 205 106 775 638 255 81
positive/frame_1165.jpg 4 308 91 261 211 570 93 215 191 475 357 414 298 7 500 311 216
positive/frame_1167.jpg 3 545 2 115 171 641 261 177 141 822 491 303 228
positive/frame_1171.jpg 4 289 53 235 241 522 28 200 236 544 315 392 320 4 399 397 316
positive/frame_1174.jpg 4 234 31 233 220 491 22 204 224 616 332 430 362 6 391 385 326
positive/frame_1182.jpg 4 309 232 181 229 663 401 193 161 742 538 288 174 33 609 355 109
positive/frame_1184.jpg 2 405 221 268 168 714 278 199 160
positive/frame_1185.jpg 4 353 148 161 124 515 156 150 121 452 441 308 271 59 461 347 251
positive/frame_1187.jpg 3 554 139 125 174 602 407 218 140 681 573 282 139
positive/frame_1195.jpg 4 366 189 152 122 511 185 171 124 58 539 322 175 423 538 356 179
positive/frame_1203.jpg 2 376 265 248 191 643 254 240 207
positive/frame_1210.jpg 3 211 235 215 220 636 235 217 210 815 490 410 222
positive/frame_1213.jpg 3 267 250 199 212 657 237 180 223 819 493 435 225
positive/frame_1220.jpg 3 451 212 181 150 639 201 185 174 565 422 317 293
positive/frame_1223.jpg 3 458 207 199 169 658 202 189 174 573 440 293 275
positive/frame_1227.jpg 2 352 191 312 300 893 354 314 326
positive/frame_1232.jpg 4 371 273 172 163 562 215 157 144 499 533 293 186 163 578 274 137
positive/frame_1244.jpg 3 403 216 174 225 2 123 177 209 748 408 380 290
positive/frame_1245.jpg 3 400 229 186 149 537 513 303 205 159 563 288 153
positive/frame_1250.jpg 4 513 180 194 206 95 107 204 169 915 419 341 233 0 593 320 122
positive/frame_1253.jpg 2 41 152 338 311 888 30 336 368
positive/frame_1254.jpg 3 527 232 185 121 719 320 205 134 607 406 242 199
positive/frame_1256.jpg 3 530 230 169 106 723 328 223 123 624 379 212 189
positive/frame_1257.jpg 4 411 209 156 110 559 203 157 115 142 523 353 192 533 503 310 212
positive/frame_1266.jpg 3 795 120 204 172 1129 210 150 258 502 545 592 173
positive/frame_1267.jpg 2 488 250 221 169 715 261 267 164
positive/frame_1270.jpg 2 131 388 235 255 811 412 233 279
positive/frame_1273.jpg 3 216 102 170 149 596 138 201 161 543 378 348 216
positive/frame_1277.jpg 3 839 312 284 265 1163 422 115 257 456 546 519 172
positive/frame_1279.jpg 2 367 146 203 137 588 165 201 147
positive/frame_1281.jpg 2 479 167 266 362 812 476 458 237
positive/frame_1284.jpg 2 117 383 238 254 616 423 599 290
positive/frame_1297.jpg 2 506 16 165 139 433 240 136 116
positive/frame_1298.jpg 2 504 30 178 147 428 239 137 129
positive/frame_1300.jpg 2 385 218 190 276 577 150 205 174
positive/frame_1304.jpg 4 276 189 232 188 728 217 201 298 772 543 287 174 13 554 410 163
positive/frame_1306.jpg 4 291 165 190 209 732 216 187 297 781 530 272 187 6 545 416 171
positive/frame_1308.jpg 3 180 406 232 245 639 322 325 260 937 596 132 119
positive/frame_1310.jpg 2 645 286 236 146 423 283 206 163
positive/frame_1322.jpg 2 405 268 201 159 629 270 228 152
positive/frame_1332.jpg 4 277 216 217 198 787 161 193 168 927 424 350 295 44 516 422 201
positive/frame_1335.jpg 4 428 137 151 129 650 124 155 140 543 449 338 268 52 456 417 260
positive/frame_1340.jpg 3 771 111 189 264 44 35 235 150 605 638 355 80
positive/frame_1341.jpg 3 48 19 231 163 757 108 221 268 622 633 362 84
positive/frame_1343.jpg 3 424 238 157 122 596 238 190 127 93 527 334 187
positive/frame_1345.jpg 2 506 181 218 224 655 276 195 176
positive/frame_1348.jpg 4 388 212 255 240 691 199 221 243 996 453 281 259 141 460 334 256
positive/frame_1351.jpg 4 281 186 214 207 696 218 222 230 741 517 284 199 4 544 396 171
positive/frame_1352.jpg 3 408 223 162 141 601 222 169 130 43 473 308 242
positive/frame_1353.jpg 3 248 2 171 113 727 20 233 236 560 553 439 163
positive/frame_1360.jpg 2 35 423 281 267 771 406 239 261
positive/frame_1362.jpg 3 428 3 381 384 423 499 568 216 1 461 370 256
positive/frame_1363.jpg 2 363 190 183 129 487 234 119 115
positive/frame_1366.jpg 2 674 299 246 142 482 421 293 222
positive/frame_1368.jpg 2 576 11 209 157 700 439 520 278
positive/frame_1370.jpg 2 493 17 253 184 704 478 503 239
positive/frame_1371.jpg 3 129 254 278 232 413 250 247 206 664 471 392 244
positive/frame_1376.jpg 4 366 164 171 138 622 145 131 118 526 468 353 248 88 513 374 204
positive/frame_1377.jpg 2 442 252 142 133 626 218 165 155
positive/frame_1379.jpg 2 421 249 159 128 621 236 165 136
positive/frame_1382.jpg 2 666 124 163 285 513 596 399 123
positive/frame_1392.jpg 4 344 161 167 142 516 150 142 153 576 424 297 292 100 498 365 218
positive/frame_1396.jpg 2 406 173 208 106 436 262 154 75
positive/frame_1398.jpg 3 195 248 224 199 460 243 242 210 1073 386 201 269
positive/frame_1403.jpg 4 372 192 145 119 519 191 144 104 604 427 257 291 96 532 369 173
positive/frame_1406.jpg 2 393 110 188 248 733 528 447 185
positive/frame_1407.jpg 2 218 318 202 178 550 258 201 165
positive/frame_1408.jpg 2 13 551 373 167 717 447 313 271
positive/frame_1412.jpg 4 118 611 330 99 593 455 475 257 408 181 225 228 681 197 238 229
positive/frame_1418.jpg 2 460 310 597 406 4 381 268 327
positive/frame_1424.jpg 4 484 155 177 236 727 198 281 212 577 431 327 229 77 561 345 158
positive/frame_1425.jpg 2 485 405 496 312 0 470 347 247
positive/frame_1427.jpg 2 499 250 195 189 413 312 156 79
positive/frame_1433.jpg 3 442 298 216 147 672 283 238 165 671 416 294 297
positive/frame_1435.jpg 2 387 182 130 146 688 151 169 134
positive/frame_1439.jpg 3 152 124 195 204 388 119 258 198 0 0 0 0
positive/frame_1441.jpg 3 513 60 234 236 482 548 377 170 1 12 78 248
positive/frame_1451.jpg 4 127 158 271 170 99 528 386 188 511 462 511 248 4 166 70 209
positive/frame_1452.jpg 4 105 143 272 209 476 448 566 271 103 514 366 203 0 179 60 210
positive/frame_1453.jpg 3 91 141 287 193 98 522 383 196 478 473 551 245
positive/frame_1458.jpg 3 405 251 216 130 439 369 342 302 0 2 159 133
positive/frame_1463.jpg 1 504 381 469 337
positive/frame_1467.jpg 2 262 250 252 128 596 229 240 155
positive/frame_1470.jpg 2 2 627 315 89 565 624 271 94
positive/frame_1471.jpg 2 254 250 243 132 589 231 233 150
positive/frame_1476.jpg 2 388 67 223 158 741 42 304 195
positive/frame_1477.jpg 2 555 41 183 148 399 295 198 101
positive/frame_1479.jpg 4 333 167 184 137 561 194 161 144 540 405 321 267 135 491 314 223
positive/frame_1482.jpg 2 268 281 243 130 580 279 234 140
positive/frame_1484.jpg 2 448 275 200 167 753 293 267 167
positive/frame_1486.jpg 3 411 184 184 170 626 209 172 144 584 399 232 258
positive/frame_1487.jpg 2 269 145 272 245 995 21 271 245
positive/frame_1491.jpg 3 2 195 221 243 581 451 531 260 226 627 310 88
positive/frame_1494.jpg 2 478 126 166 133 421 325 179 79
positive/frame_1499.jpg 2 97 235 269 193 855 70 292 264
positive/frame_1503.jpg 3 4 1 270 212 773 5 243 140 589 575 452 141
positive/frame_1504.jpg 2 0 164 253 258 623 482 564 232
positive/frame_1506.jpg 2 568 546 546 173 1 1 287 110
positive/frame_1510.jpg 2 470 316 167 130 636 318 169 126
positive/frame_1511.jpg 2 249 310 250 137 577 297 211 149
positive/frame_1513.jpg 2 246 340 243 130 562 316 214 156
positive/frame_1514.jpg 4 396 261 161 126 565 258 156 125 524 447 459 263 231 565 243 151
positive/frame_1523.jpg 4 405 256 160 131 567 255 150 126 623 400 361 310 237 578 317 138
positive/frame_1524.jpg 2 4 185 250 267 671 532 456 184
positive/frame_1529.jpg 1 1075 108 194 213
positive/frame_1530.jpg 4 411 252 149 121 573 241 156 129 636 480 247 227 237 608 283 106
positive/frame_1531.jpg 3 278 426 176 179 604 394 378 319 70 660 340 55
positive/frame_1533.jpg 3 401 192 225 196 674 256 271 165 468 606 404 112
positive/frame_1535.jpg 3 352 175 274 201 663 231 260 201 501 605 370 113
positive/frame_1541.jpg 3 509 288 145 81 701 306 168 113 519 330 236 193
positive/frame_1545.jpg 4 364 403 174 150 701 344 166 173 882 393 318 299 96 492 363 222
positive/frame_1547.jpg 4 373 402 171 145 710 373 185 154 913 416 346 292 66 466 445 248
positive/frame_1548.jpg 4 348 377 202 175 721 362 179 151 918 409 351 299 36 447 444 261
positive/frame_1550.jpg 3 937 152 220 140 1144 137 134 208 115 528 390 179
positive/frame_1551.jpg 4 385 74 157 171 570 29 230 148 554 490 300 225 267 511 266 206
positive/frame_1552.jpg 4 388 67 161 161 582 48 217 125 579 494 276 222 263 503 277 212
positive/frame_1557.jpg 3 809 80 255 139 1200 95 74 195 9 441 495 271
positive/frame_1572.jpg 2 199 151 233 177 667 409 492 299
positive/frame_1578.jpg 3 172 423 364 279 727 384 198 163 980 536 291 181
positive/frame_1580.jpg 2 533 171 170 131 661 288 202 180
positive/frame_1588.jpg 4 193 425 338 273 390 415 181 144 750 393 186 183 984 563 282 152
positive/frame_1601.jpg 2 246 249 251 133 603 195 230 176
positive/frame_1602.jpg 2 537 214 169 126 717 314 226 193
positive/frame_1604.jpg 4 344 203 165 123 499 183 156 153 524 480 343 238 137 527 334 191
positive/frame_1607.jpg 2 116 91 184 213 417 141 225 145
positive/frame_1609.jpg 2 389 206 163 150 546 182 203 142
positive/frame_1613.jpg 2 256 224 250 167 588 194 222 187
positive/frame_1614.jpg 4 4 49 116 184 318 76 266 146 80 439 487 275 579 636 328 78
positive/frame_1618.jpg 0
positive/frame_1621.jpg 3 457 164 185 142 624 290 198 139 808 302 229 220
positive/frame_1624.jpg 3 465 185 203 140 622 298 207 152 838 398 240 220
positive/frame_1639.jpg 3 454 189 227 194 641 288 212 129 844 373 272 228
positive/frame_1644.jpg 4 293 274 164 202 602 154 198 148 564 608 278 106 252 619 296 98
positive/frame_1647.jpg 4 344 195 157 125 497 189 154 134 616 358 229 247 55 491 374 225
positive/frame_1656.jpg 3 47 83 215 189 423 55 273 139 470 598 369 120
positive/frame_1659.jpg 1 886 183 392 249
positive/frame_1660.jpg 3 134 26 264 217 3 149 93 216 508 388 540 269
positive/frame_1663.jpg 3 523 413 225 162 758 413 214 185 539 632 300 84
positive/frame_1668.jpg 1 895 176 378 255
positive/frame_1670.jpg 3 127 49 255 181 4 119 102 211 558 372 401 239
positive/frame_1673.jpg 1 900 166 362 251
positive/frame_1674.jpg 2 277 308 254 138 589 283 246 192
positive/frame_1675.jpg 4 348 285 178 129 526 274 151 119 569 412 342 295 169 569 246 139
positive/frame_1680.jpg 4 399 295 161 113 560 281 146 119 566 435 396 278 164 589 287 128
positive/frame_1688.jpg 4 326 46 197 145 587 160 161 134 548 606 233 111 244 633 291 81
positive/frame_1689.jpg 4 316 33 216 151 584 172 158 104 543 635 241 81 260 632 268 84
positive/frame_1702.jpg 3 481 274 202 244 676 416 372 285 679 394 167 111
positive/frame_1704.jpg 4 69 108 270 203 3 167 134 251 619 420 508 283 280 630 433 87
positive/frame_1706.jpg 1 411 660 219 59
positive/frame_1707.jpg 3 555 313 172 179 733 326 290 163 620 531 372 185
positive/frame_1712.jpg 3 439 253 224 221 637 355 198 134 756 465 457 229
positive/frame_1720.jpg 3 371 289 159 129 529 279 153 122 303 440 582 276
positive/frame_1725.jpg 2 387 581 181 136 816 606 165 112
positive/frame_1733.jpg 3 425 220 208 276 639 305 186 142 832 228 429 406
positive/frame_1737.jpg 2 361 523 193 193 758 541 141 178
positive/frame_1745.jpg 2 245 304 264 158 454 291 226 147
positive/frame_1746.jpg 2 246 307 275 154 470 278 209 155
positive/frame_1754.jpg 3 504 32 199 180 882 54 231 223 443 590 428 125
positive/frame_1758.jpg 3 250 310 255 150 430 273 245 176 603 397 655 315
positive/frame_1763.jpg 2 313 480 216 233 752 514 186 202
positive/frame_1765.jpg 3 248 289 265 160 441 241 233 183 590 423 598 293
positive/frame_1768.jpg 3 305 77 286 307 862 36 202 258 1 381 307 254
positive/frame_1769.jpg 3 490 331 211 159 690 301 270 172 656 487 404 232
positive/frame_1770.jpg 3 507 317 198 174 701 308 286 179 696 477 401 237
positive/frame_1775.jpg 3 330 210 251 213 549 272 184 133 739 394 337 228
positive/frame_1778.jpg 2 283 185 175 219 841 332 198 196
positive/frame_1789.jpg 3 106 10 217 175 472 85 273 175 563 402 559 310
positive/frame_1800.jpg 2 247 290 194 151 639 314 212 141
positive/frame_1803.jpg 3 7 159 186 249 480 128 204 190 712 360 479 328
positive/frame_1804.jpg 2 214 273 192 150 625 295 196 142
positive/frame_1815.jpg 3 595 3 218 150 396 189 372 291 413 461 476 244
positive/frame_1822.jpg 2 193 278 208 145 653 173 217 152
positive/frame_1830.jpg 4 394 227 153 125 542 212 165 143 716 393 234 215 182 490 332 226
positive/frame_1832.jpg 3 479 223 179 242 642 355 191 141 865 597 242 118
positive/frame_1835.jpg 3 492 272 217 183 747 300 221 184 636 435 380 284
positive/frame_1852.jpg 2 203 300 219 136 618 195 290 244
positive/frame_1855.jpg 3 157 16 226 199 463 15 247 202 497 466 554 249
positive/frame_1856.jpg 3 156 27 207 186 440 10 260 222 505 460 596 259
positive/frame_1858.jpg 2 36 237 255 285 363 203 262 277
positive/frame_1866.jpg 3 528 159 194 230 755 330 165 144 648 377 286 208
positive/frame_1876.jpg 2 385 345 215 203 744 351 256 197
positive/frame_1887.jpg 2 364 205 221 182 714 323 241 162
positive/frame_1890.jpg 3 462 209 192 207 647 271 160 171 816 452 324 255
positive/frame_1897.jpg 3 30 24 269 230 752 80 195 194 543 566 347 152
positive/frame_1898.jpg 4 383 79 251 243 609 169 173 137 772 358 264 275 323 529 280 181
positive/frame_1900.jpg 2 266 64 286 249 680 115 194 213
positive/frame_1906.jpg 2 245 197 319 236 465 111 167 163
positive/frame_1913.jpg 2 504 261 223 194 638 167 144 153
positive/frame_1915.jpg 2 491 271 207 157 702 245 232 201
positive/frame_1921.jpg 4 363 104 225 179 580 248 187 115 748 471 275 226 331 657 259 61
positive/frame_1924.jpg 2 267 381 242 266 563 334 263 284
positive/frame_1925.jpg 2 273 383 231 266 566 304 260 308
positive/frame_1932.jpg 3 3 358 245 316 579 323 224 122 565 421 573 287
positive/frame_1941.jpg 3 258 371 251 243 560 328 293 273 560 628 307 86
positive/frame_1944.jpg 3 1 387 245 312 610 362 207 160 658 480 505 236
positive/frame_1947.jpg 4 625 158 176 207 911 166 236 212 8 517 339 197 1070 634 209 83
positive/frame_1948.jpg 3 2 391 266 313 611 375 233 124 680 479 475 233
positive/frame_1951.jpg 3 606 197 190 124 203 1 193 169 9 543 354 166
positive/frame_1955.jpg 4 618 146 150 192 825 139 257 214 49 483 420 230 760 599 406 114
positive/frame_1966.jpg 2 17 380 285 308 623 362 370 228
positive/frame_1968.jpg 3 623 3 205 206 670 322 214 144 710 395 362 316
positive/frame_1976.jpg 3 639 119 223 197 868 154 273 216 86 577 417 139
positive/frame_1981.jpg 3 442 333 284 261 734 339 294 294 550 527 331 182
positive/frame_1987.jpg 2 66 318 269 282 669 273 234 219
positive/frame_1991.jpg 3 326 119 199 157 381 651 204 65 541 187 205 136
positive/frame_1993.jpg 3 348 117 185 155 567 182 188 139 393 666 182 50
positive/frame_2000.jpg 3 337 102 206 158 552 183 226 124 354 650 216 67
positive/frame_2006.jpg 3 532 318 166 146 708 297 264 196 675 574 285 144
positive/frame_2011.jpg 4 423 231 242 235 698 326 331 262 8 487 319 224 493 479 405 228
positive/frame_2022.jpg 2 616 207 237 156 2 411 261 245
positive/frame_2024.jpg 3 389 107 152 141 8 85 113 169 4 270 102 132
positive/frame_2027.jpg 3 543 175 180 117 200 307 201 212 335 639 208 77
positive/frame_2028.jpg 2 340 110 182 120 3 45 191 134
positive/frame_2032.jpg 2 341 117 170 128 15 97 208 160
positive/frame_2035.jpg 3 318 253 227 208 432 415 417 266 594 305 250 178
positive/frame_2036.jpg 3 239 240 240 222 510 279 255 198 514 427 447 268
positive/frame_2037.jpg 3 491 307 204 166 697 298 278 178 562 609 309 109
positive/frame_2043.jpg 2 452 323 226 140 3 467 224 249
positive/frame_2044.jpg 2 493 330 198 167 707 315 225 150
positive/frame_2045.jpg 2 465 340 230 142 700 333 241 138
positive/frame_2066.jpg 2 591 329 192 149 790 329 243 158
positive/frame_2074.jpg 3 374 140 170 158 657 338 192 135 821 459 364 249
positive/frame_2089.jpg 4 380 197 183 99 566 201 188 108 730 443 292 240 312 602 242 117
positive/frame_2090.jpg 2 231 8 177 121 515 106 220 131
positive/frame_2098.jpg 4 396 168 133 125 531 168 183 154 751 484 293 226 343 620 243 95
positive/frame_2101.jpg 4 475 34 170 140 54 186 246 175 665 429 492 275 184 524 357 191
positive/frame_2102.jpg 4 468 35 180 146 38 176 251 173 677 411 481 287 186 524 334 186
positive/frame_2103.jpg 3 594 343 233 142 834 323 227 186 656 545 379 165
positive/frame_2106.jpg 2 603 233 207 175 4 417 250 283
positive/frame_2108.jpg 2 486 112 212 148 304 226 188 212
positive/frame_2127.jpg 2 601 231 273 161 4 434 280 279
positive/frame_2138.jpg 3 501 306 210 161 712 296 252 181 568 616 290 100
positive/frame_2142.jpg 4 561 96 219 229 85 140 263 275 149 518 365 198 641 479 449 236
positive/frame_2144.jpg 3 509 302 208 163 719 308 258 159 590 613 285 106
positive/frame_2145.jpg 3 540 86 234 213 51 136 263 221 115 512 373 204
positive/frame_2147.jpg 3 530 309 173 169 707 308 253 155 573 607 304 112
positive/frame_2148.jpg 2 298 67 230 202 534 147 169 137
positive/frame_2154.jpg 2 256 70 220 197 486 165 179 123
positive/frame_2157.jpg 3 649 210 210 207 98 139 250 212 259 544 299 174
positive/frame_2159.jpg 3 195 139 246 217 711 224 239 225 351 571 345 146
positive/frame_2160.jpg 3 528 289 183 150 717 294 263 138 568 571 306 145
positive/frame_2161.jpg 2 562 361 291 346 2 459 243 258
positive/frame_2162.jpg 2 560 367 284 349 1 475 237 241
positive/frame_2165.jpg 3 348 98 246 180 603 155 150 139 117 577 326 139
positive/frame_2176.jpg 3 500 211 145 129 658 249 188 127 832 531 301 184
positive/frame_2182.jpg 3 505 265 159 113 677 259 164 129 846 532 288 182
positive/frame_2183.jpg 3 315 87 210 176 546 150 165 142 173 571 264 145
positive/frame_2186.jpg 3 329 71 208 185 568 181 183 115 95 455 327 258
positive/frame_2189.jpg 2 866 315 257 386 2 401 237 313
positive/frame_2190.jpg 2 864 302 270 368 5 406 243 305
positive/frame_2196.jpg 3 161 98 237 179 387 84 194 187 674 380 427 275
positive/frame_2197.jpg 3 162 100 226 194 375 84 171 191 643 367 405 255
positive/frame_2198.jpg 3 514 281 211 164 748 292 213 169 575 607 329 108
positive/frame_2199.jpg 3 519 280 218 169 741 286 221 183 582 598 322 120
positive/frame_2206.jpg 3 306 103 207 162 549 206 180 139 3 398 219 306
positive/frame_2216.jpg 3 510 277 157 117 710 300 172 126 648 413 366 256
positive/frame_2220.jpg 3 139 227 287 273 372 140 230 218 644 450 397 262
positive/frame_2223.jpg 2 468 302 228 172 795 296 269 171
positive/frame_2226.jpg 2 374 112 187 162 526 209 210 107
positive/frame_2239.jpg 3 2 354 225 225 525 350 234 160 601 515 673 200
positive/frame_2243.jpg 2 540 310 192 141 741 306 289 164
positive/frame_2265.jpg 3 68 319 224 244 610 340 220 157 679 387 357 223
positive/frame_2269.jpg 2 571 299 175 157 750 290 269 189
positive/frame_2286.jpg 3 415 184 177 244 669 214 253 267 1014 504 259 215
positive/frame_2292.jpg 2 558 305 152 151 709 301 239 139
positive/frame_2296.jpg 4 342 146 159 223 615 99 141 134 237 591 290 124 584 588 254 130
positive/frame_2299.jpg 2 343 207 166 241 621 160 141 160
positive/frame_2332.jpg 2 284 182 187 149 536 231 238 126
positive/frame_2342.jpg 4 263 148 190 202 624 168 210 116 829 440 303 250 393 587 300 128
positive/frame_2345.jpg 4 277 149 189 197 635 176 201 106 836 453 302 244 420 600 263 117
positive/frame_2351.jpg 2 245 166 171 168 570 230 163 160
positive/frame_2353.jpg 3 135 322 398 296 771 151 237 214 745 347 278 275
positive/frame_2357.jpg 4 290 148 178 159 632 176 198 117 830 430 285 260 436 609 252 108
positive/frame_2377.jpg 4 125 429 404 280 528 426 291 281 917 179 213 265 833 325 323 313
positive/frame_2385.jpg 4 490 1 164 121 592 193 216 118 791 453 294 240 353 632 299 85
positive/frame_2391.jpg 2 651 181 162 139 402 129 209 171
positive/frame_2398.jpg 4 749 239 251 254 965 171 265 276 515 431 305 248 162 413 338 265
positive/frame_2402.jpg 2 380 132 208 171 615 180 156 135
positive/frame_2405.jpg 4 515 290 200 157 719 281 249 163 616 584 221 134 178 646 152 64
positive/frame_2438.jpg 3 440 129 239 199 607 263 171 98 775 520 282 191
positive/frame_2441.jpg 4 729 245 221 239 921 192 261 259 427 469 328 247 40 446 356 260
positive/frame_2445.jpg 2 559 321 193 141 750 301 223 139
positive/frame_2454.jpg 3 565 311 164 111 683 291 147 128 817 455 333 258
positive/frame_2466.jpg 2 536 308 194 167 727 286 213 159
positive/frame_2468.jpg 3 541 311 161 81 845 312 180 126 393 410 302 216
positive/frame_2472.jpg 2 548 322 191 140 742 294 210 137
positive/frame_2496.jpg 3 608 279 154 104 914 320 190 158 513 351 240 189
positive/frame_2501.jpg 3 536 245 155 96 820 293 196 143 429 297 263 172
positive/frame_2505.jpg 4 288 306 233 199 929 333 223 221 549 471 371 230 273 633 287 84
positive/frame_2531.jpg 4 408 176 149 85 679 182 155 101 710 385 212 208 368 511 230 169
positive/frame_2537.jpg 3 699 256 214 127 673 460 292 243 85 419 227 273
positive/frame_2551.jpg 4 553 154 189 173 114 282 237 230 753 360 353 310 36 601 322 114
positive/frame_2557.jpg 4 531 202 203 237 213 299 257 254 70 633 362 84 818 375 343 315
positive/frame_2584.jpg 4 335 179 180 88 585 167 160 101 667 428 230 200 316 560 215 151
positive/frame_2585.jpg 4 323 296 197 289 96 509 297 197 497 248 283 308 877 417 387 302
positive/frame_2609.jpg 4 352 202 163 89 565 153 181 115 696 440 254 247 258 581 290 133
positive/frame_2629.jpg 4 369 222 150 90 615 189 180 126 695 470 282 233 307 626 242 89
positive/frame_2655.jpg 4 355 2 194 125 720 24 227 145 559 161 452 448 143 206 508 445
positive/frame_2660.jpg 3 420 303 163 108 587 304 172 99 761 418 274 295
positive/frame_2667.jpg 3 439 345 157 90 600 339 172 95 713 545 298 168
positive/frame_2699.jpg 3 438 276 148 100 667 273 166 115 520 318 340 276
